"age" "year" "population"
0 1900 1.811
20 1900 1.5
40 1900 0.917
60 1900 0.391
0 1901 1.85
20 1901 1.53
40 1901 0.94
60 1901 0.401
0 1902 1.892
20 1902 1.563
40 1902 0.963
60 1902 0.409
0 1903 1.93
20 1903 1.595
40 1903 0.985
60 1903 0.418
0 1904 1.969
20 1904 1.628
40 1904 1.008
60 1904 0.426
0 1905 2.01
20 1905 1.665
40 1905 1.032
60 1905 0.437
0 1906 2.05
20 1906 1.699
40 1906 1.056
60 1906 0.447
0 1907 2.086
20 1907 1.733
40 1907 1.077
60 1907 0.457
0 1908 2.125
20 1908 1.769
40 1908 1.101
60 1908 0.467
0 1909 2.162
20 1909 1.804
40 1909 1.127
60 1909 0.48
0 1910 2.203
20 1910 1.839
40 1910 1.154
60 1910 0.493
0 1911 2.227
20 1911 1.851
40 1911 1.176
60 1911 0.507
0 1912 2.25
20 1912 1.861
40 1912 1.2
60 1912 0.521
0 1913 2.279
20 1913 1.875
40 1913 1.229
60 1913 0.538
0 1914 2.305
20 1914 1.887
40 1914 1.259
60 1914 0.556
0 1915 2.317
20 1915 1.887
40 1915 1.283
60 1915 0.572
0 1916 2.325
20 1916 1.886
40 1916 1.308
60 1916 0.589
0 1917 2.329
20 1917 1.876
40 1917 1.334
60 1917 0.606
0 1918 2.332
20 1918 1.771
40 1918 1.358
60 1918 0.623
0 1919 2.299
20 1919 1.824
40 1919 1.369
60 1919 0.634
0 1920 2.277
20 1920 1.855
40 1920 1.417
60 1920 0.65
0 1921 2.362
20 1921 1.881
40 1921 1.448
60 1921 0.665
0 1922 2.413
20 1922 1.904
40 1922 1.471
60 1922 0.676
0 1923 2.433
20 1923 1.947
40 1923 1.499
60 1923 0.692
0 1924 2.476
20 1924 2.005
40 1924 1.527
60 1924 0.712
0 1925 2.46
20 1925 2.047
40 1925 1.551
60 1925 0.733
0 1926 2.366
20 1926 2.085
40 1926 1.578
60 1926 0.752
0 1927 2.305
20 1927 2.128
40 1927 1.608
60 1927 0.775
0 1928 2.251
20 1928 2.171
40 1928 1.639
60 1928 0.796
0 1929 2.142
20 1929 2.209
40 1929 1.677
60 1929 0.811
0 1930 2.181398
20 1930 2.24565
40 1930 1.72142
60 1930 0.823587
0 1931 2.138681
20 1931 2.25853
40 1931 1.765261
60 1931 0.841186
0 1932 2.040919
20 1932 2.272673
40 1932 1.799179
60 1932 0.862443
0 1933 1.93789
20 1933 2.285833
40 1933 1.806959
60 1933 0.890694
0 1934 1.874566
20 1934 2.296708
40 1934 1.792212
60 1934 0.922554
0 1935 1.951444
20 1935 2.303828
40 1935 1.772232
60 1935 0.951288
0 1936 1.944835
20 1936 2.306833
40 1936 1.759353
60 1936 0.974602
0 1937 1.932237
20 1937 2.30758
40 1937 1.753435
60 1937 0.99338
0 1938 2.018652
20 1938 2.323249
40 1938 1.764365
60 1938 1.009094
0 1939 2.041014
20 1939 2.356786
40 1939 1.789868
60 1939 1.023492
0 1940 2.025235
20 1940 2.407683
40 1940 1.82321
60 1940 1.041845
0 1941 2.166858
20 1941 2.429716
40 1941 1.853375
60 1941 1.067457
0 1942 2.325004
20 1942 2.44825
40 1942 1.877565
60 1942 1.084637
0 1943 2.692725
20 1943 2.430035
40 1943 1.905258
60 1943 1.103475
0 1944 2.515859
20 1944 2.386866
40 1944 1.935379
60 1944 1.126025
0 1945 2.463569
20 1945 2.35427
40 1945 1.968557
60 1945 1.154747
0 1946 2.401211
20 1946 2.327077
40 1946 2.007292
60 1946 1.184138
0 1947 3.452304
20 1947 2.285142
40 1947 2.041998
60 1947 1.216288
0 1948 3.169318
20 1948 2.2859
40 1948 2.078552
60 1948 1.250876
0 1949 3.169644
20 1949 2.257371
40 1949 2.115385
60 1949 1.288833
0 1950 3.162567
20 1950 2.258243
40 1950 2.146026
60 1950 1.308533
0 1951 3.315027
20 1951 2.226752
40 1951 2.152206
60 1951 1.327936
0 1952 3.429237
20 1952 2.140294
40 1952 2.196027
60 1952 1.385931
0 1953 3.546301
20 1953 2.059911
40 1953 2.240392
60 1953 1.42497
0 1954 3.670654
20 1954 2.03313
40 1954 2.261167
60 1954 1.435218
0 1955 3.777404
20 1955 2.135741
40 1955 2.281314
60 1955 1.446324
0 1956 3.860003
20 1956 2.114781
40 1956 2.289541
60 1956 1.463365
0 1957 4.035155
20 1957 2.12241
40 1957 2.329121
60 1957 1.466903
0 1958 4.073113
20 1958 2.218649
40 1958 2.368515
60 1958 1.465009
0 1959 4.097383
20 1959 2.247873
40 1959 2.366032
60 1959 1.491951
0 1960 4.093802
20 1960 2.295794
40 1960 2.424758
60 1960 1.525828
0 1961 4.172988
20 1961 2.452277
40 1961 2.468852
60 1961 1.534453
0 1962 4.083751
20 1962 2.620396
40 1962 2.506986
60 1962 1.545564
0 1963 4.01251
20 1963 2.993742
40 1963 2.523791
60 1963 1.568398
0 1964 3.946853
20 1964 2.84674
40 1964 2.513549
60 1964 1.608903
0 1965 3.770049
20 1965 2.828397
40 1965 2.48812
60 1965 1.658851
0 1966 3.555346
20 1966 2.816582
40 1966 2.46545
60 1966 1.71065
0 1967 3.45
20 1967 3.882941
40 1967 2.441744
60 1967 1.763861
0 1968 3.366388
20 1968 3.619894
40 1968 2.409347
60 1968 1.805981
0 1969 3.412562
20 1969 3.642408
40 1969 2.368232
60 1969 1.830333
0 1970 3.508096
20 1970 3.653488
40 1970 2.422721
60 1970 1.91208
0 1971 3.601094
20 1971 3.796605
40 1971 2.304588
60 1971 1.856716
0 1972 3.305565
20 1972 3.895789
40 1972 2.255241
60 1972 1.866721
0 1973 3.128246
20 1973 3.998373
40 1973 2.256186
60 1973 1.897202
0 1974 3.065474
20 1974 4.102553
40 1974 2.225105
60 1974 1.903449
0 1975 3.152345
20 1975 4.187886
40 1975 2.272232
60 1975 1.928253
0 1976 3.115391
20 1976 4.243079
40 1976 2.304558
60 1976 1.901134
0 1977 3.278804
20 1977 4.400497
40 1977 2.331327
60 1977 1.893305
0 1978 3.326388
20 1978 4.417809
40 1978 2.412529
60 1978 1.93722
0 1979 3.426309
20 1979 4.419481
40 1979 2.454323
60 1979 2.020358
